; This .COE file specifies initialization values for a block 
; memory of depth=256, and width=32. In this case, values are 
; specified in hexadecimal format.
memory_initialization_radix=2;
memory_initialization_vector=
00010111011101111111011100000000,
01010010110001111111011000000000,
00101001011101111111011100000000,
01010011111001111111010000000000,
10100000100101111111010100000000,
01010010100101111111001100000000,
00000100100101111111010100000000,
01010010111001111111011000000000,
01100011101000111111001100000000,
01010011000101111111001000000000,
00000100100000111111001000000000,
01011111101000111111010000000000,
10100000000010111111011000000000,
01010010000010111111010000000000,
00000100000010111111011000000000,
01010010011011111111010100000000,
00010011001101111111001000000000,
01010010111101111111010100000000,
01010010110101111111010100000000,
01010011111101111111011100000000,
10011110100101111111010100000000,
01010010101001111111010000000000,
00000100101001111111011000000000,
01010011000001111111011000000000,
00011111001000111111001000000000,
01010010001010111111010000000000,
00110110100000111111001000000000,
10011011001000111111001000000000,
10011110000010111111011000000000,
01010010000110111111010000000000,
00000100000110111111011100000000,
01010010011111111111010100000000,
01000010000010111111011000000000,
00000010110001111111011000000000,
01000010011011111111100000000000,
00000011111001111111010000000000,
00001100100101111111001100000000,
00000010100101111111001100000000,
01110110100101111111010100000000,
00000010111001111111011000000000,
01101111100100111111010000000000,
00000011000101111111001000000000,
01110110100000111111001000000000,
01101101100100111111010100000000,
00001100000010111111010000000000,
00000010000010111111010000000000,
01110110000010111111011000000000,
00000010011011111111010100000000,
00001111001101111111001000000000,
00000010111101111111010100000000,
00000010110101111111010100000000,
00000011111101111111011100000000,
00001100101001111111010000000000,
00000010101001111111010000000000,
01110110101001111111011000000000,
00000011000001111111011000000000,
10000011001000111111001000000000,
00000010001010111111010000000000,
00101110100000111111001000000000,
10100011001000111111001000000000,
00001100000110111111010000000000,
00000010000110111111010000000000,
01110110000110111111011100000000,
00000010011111111111010100000000,
01111011101100111111011000000000,
00110100110001111111011000000000,
10110011001001111111000100000000,
00110101111001111111010000000000,
01001111001010111111000100000000,
00110100100101111111001100000000,
01001010100101111111010100000000,
00110100111001111111011000000000,
01011011101000111111001100000000,
00110101000101111111001000000000,
01001010100000111111001000000000,
01100001101000111111001100000000,
00111110000010111111001100000000,
00110100000010111111010000000000,
01001010000010111111011000000000,
00110100011011111111010100000000,
00011011001101111111001000000000,
00110100111101111111010100000000,
00110100110101111111010100000000,
00110101111101111111011100000000,
01001101001010111111000100000000,
00110100101001111111010000000000,
01001010101001111111011000000000,
00110101000001111111011000000000,
00100011001000111111001000000000,
00110100001010111111010000000000,
01100111101000111111001100000000,
10011001001000111111001000000000,
00111110011011111111010000000000,
00110100000110111111010000000000,
01001010000110111111011100000000,
00110100011111111111010100000000,
01111111110100111111011000000000,
00000000110001111111011000000000,
01011001100010111111011000000000,
00000001111001111111010000000000,
10010010100101111111001100000000,
00000000100101111111001100000000,
01111000100101111111010100000000,
00000000111001111111011000000000,
01101001100100111111010000000000,
00000001000101111111001000000000,
01111000100000111111001000000000,
01111101110000111111011000000000,
00111110010010111111010100000000,
00000000000010111111010000000000,
01111000000010111111011000000000,
00000000011011111111010100000000,
00011101001101111111001000000000,
00000000111101111111010100000000,
00000000110101111111010100000000,
00000001111101111111011100000000,
10010010101001111111010000000000,
00000000101001111111010000000000,
01111000101001111111011000000000,
00000001000001111111011000000000,
10000111001000111111001000000000,
00000000001010111111010000000000,
01110011100100111111010000000000,
10011101001000111111001000000000,
00111110001110111111011000000000,
00000000000110111111010000000000,
01111000000110111111011100000000,
00000000011111111111010100000000,
00010101001101111111001100000000,
10001010110001111111011000000000,
00011001010010111111010000000000,
10001011111001111111010000000000,
10010000100101111111001100000000,
10001010100101111111001100000000,
10001110100101111111001100000000,
10001010111001111111011000000000,
00110011001000111111001000000000,
00001101000101111111001000000000,
10100111001000111111001000000000,
01011101101000111111001100000000,
10010000000010111111010000000000,
10001010000010111111010000000000,
10001110000010111111010000000000,
10001010011011111111010100000000,
00000111001101111111001000000000,
10001010111101111111011000000000,
10001010110101111111010100000000,
10001011111101111111011100000000,
10010000101001111111010000000000,
10001010101001111111010000000000,
10001110101101111111010000000000,
10001011000001111111011000000000,
10101101001000111111001000000000,
10001010001010111111010100000000,
10101001001000111111001000000000,
10101011001000111111001000000000,
10010010000010111111010000000000,
10001010000110111111010100000000,
10010010000110111111010100000000,
10001010011111111111010100000000,
01001001000101111111001000000000,
01000100110001111111011000000000,
01000111000101111111001000000000,
01000101111001111111010000000000,
01001000100101111111001100000000,
01000100100101111111001100000000,
01000110100101111111001100000000,
01000100111001111111011000000000,
10010111001000111111001000000000,
01000101000101111111001000000000,
10010101001000111111001000000000,
01101011100100111111010000000000,
01001000000010111111010000000000,
01000100000010111111010000000000,
01000110000010111111010000000000,
01000100011011111111010100000000,
00001001001101111111001000000000,
01000100111101111111010100000000,
01000100110101111111010100000000,
01000101111101111111011100000000,
01001000101001111111010000000000,
01000100101001111111010000000000,
01000110101101111111010000000000,
01000101000001111111011000000000,
00100101001000111111001000000000,
01000100001010111111010000000000,
10100101001000111111001000000000,
10101111001000111111001000000000,
01001000000110111111010000000000,
01000100000110111111010000000000,
01000110001010111111010000000000,
01000100011111111111010100000000,
00101101000101111111001000000000,
00100110110001111111011000000000,
01110101000101111111001100000000,
00100111111001111111010000000000,
00101100100101111111001100000000,
00100110100101111111001100000000,
00101110100101111111010100000000,
00100110111001111111011000000000,
00111011001000111111001000000000,
00100111000101111111001000000000,
00110001001000111111001000000000,
10110001001000111111001100000000,
00101100000010111111010000000000,
00100110000010111111010000000000,
00101110000010111111011000000000,
00100110011011111111010100000000,
00010001001101111111001000000000,
00100110111101111111010100000000,
00100110110101111111010100000000,
00100111111101111111011100000000,
01010111011001111111011000000000,
00100110101001111111010000000000,
00101110101001111111011000000000,
00100111000001111111011000000000,
00100001001000111111001000000000,
00100110001010111111010000000000,
01100101101000111111001100000000,
10001101001000111111001100000000,
00111110010110111111011000000000,
00100110000110111111010000000000,
00101110000110111111011100000000,
00100110011111111111010100000000,
00101011000101111111001000000000,
10000000110001111111011000000000,
00101011000101111111001100000000,
10000001111001111111010000000000,
00111000100101111111001100000000,
10000000100101111111001100000000,
00110110100101111111010100000000,
10000000111001111111011000000000,
00111001001000111111001000000000,
10000001000101111111001000000000,
01010001001000111111001000000000,
10110101001000111111001100000000,
00101010000010111111010000000000,
10000000000010111111010000000000,
00110110000010111111011000000000,
10000000011011111111010100000000,
00001011001101111111001000000000,
10000000111101111111010100000000,
10000000110101111111010100000000,
10000001111101111111011100000000,
01010101010110111111010100000000,
10000000101001111111010000000000,
00110110101001111111011000000000,
10000001000001111111011000000000,
10000101001000111111001000000000,
10000000001010111111010000000000,
01110001100100111111010000000000,
10110111001000111111001000000000,
01000010001110111111100000000000,
10000000000110111111010000000000,
00110110000110111111011100000000,
10000000011111111111010100000000;
